Webots Project File version R2025a
perspectives: 000000ff00000000fd0000000300000000000001ca0000039ffc0200000001fb00000012005300630065006e0065005400720065006501000000000000039f0000000000000000000000010000018c0000034dfc0200000002fb0000001400540065007800740045006400690074006f00720100000017000001330000003f00fffffffb0000001a0043006f006e0073006f006c00650041006c006c0041006c006c010000014c000002180000003900ffffff000000030000064b0000020dfc0100000001fb0000000e0043006f006e0073006f006c006501000001d0000005b00000000000000000000004ad0000034d00000004000000040000000100000008fc00000000
simulationViewPerspectives: 000000ff0000000100000002000000fc000002060100000002010000000101
sceneTreePerspectives: 000000ff00000001000000030000001d000000c0000000fa0100000002010000000201
maximizedDockId: -1
centralWidgetVisible: 1
orthographicViewHeight: 1
textFiles: -1
consoles: Console:All:All
renderingDevicePerspectives: realsense:realsense_depth;1;0.63125;0;0
renderingDevicePerspectives: realsense:realsense_rgb;1;0.63125;0;0
